[<tf.Variable 'bayes_nn/bayesion/kernel_mean:0' shape=(784, 400) dtype=float32>, <tf.Variable 'bayes_nn/bayesion/kernel_rho:0' shape=(784, 400) dtype=float32>, <tf.Variable 'bayes_nn/bayesion/bias_mean:0' shape=(400,) dtype=float32>, <tf.Variable 'bayes_nn/bayesion/bias_rho:0' shape=(400,) dtype=float32>, <tf.Variable 'bayes_nn/bayesion_1/kernel_mean:0' shape=(400, 400) dtype=float32>, <tf.Variable 'bayes_nn/bayesion_1/kernel_rho:0' shape=(400, 400) dtype=float32>, <tf.Variable 'bayes_nn/bayesion_1/bias_mean:0' shape=(400,) dtype=float32>, <tf.Variable 'bayes_nn/bayesion_1/bias_rho:0' shape=(400,) dtype=float32>, <tf.Variable 'bayes_nn/bayesion_2/kernel_mean:0' shape=(400, 10) dtype=float32>, <tf.Variable 'bayes_nn/bayesion_2/kernel_rho:0' shape=(400, 10) dtype=float32>, <tf.Variable 'bayes_nn/bayesion_2/bias_mean:0' shape=(10,) dtype=float32>, <tf.Variable 'bayes_nn/bayesion_2/bias_rho:0' shape=(10,) dtype=float32>]
EPOCH 0
LIKELIHOOD_LOSS
103901.44
LABELS
[2 6 2 1]
pred
[[  41738.094   100120.09    -32433.025    -1957.2491  -49092.38
   -10497.091    81834.234    55224.61    -70692.9     -48558.906 ]
 [  10743.853   105275.75     68346.9     -51642.16    -52148.85
   -53135.023    12825.2     104927.195    46513.816   -94297.625 ]
 [ -34372.062    89246.      -26095.877  -107898.97     31378.4
   -72630.57    164506.2      -7372.582    23896.494  -145874.39  ]
 [  22458.762   131666.17    -69709.086   -70866.61      7885.3936
    22618.717    42081.15     19032.592   -22543.209    74267.06  ]]
LIKELIHOOD_LOSS
97912.79
LABELS
[8 3 8 1]
pred
[[ -31865.559    68562.81    172711.11    -19683.496    23472.648
    47660.18     65786.01    -33596.125   -55346.63    -78107.06  ]
 [ -64106.75    131419.23    117331.29    -25428.11    -31390.91
    93865.35    138165.31     -3454.8672 -185342.62     46807.117 ]
 [ 109943.234    47735.27    106713.95   -109506.08    -22404.635
   -57394.59     48734.543    53410.883   120338.48   -112131.04  ]
 [   4879.4424   66471.234     9077.687   -82193.67      6873.4307
   -54098.895    -4481.74     -5078.2695    7371.4624   42730.332 ]]
LIKELIHOOD_LOSS
39916.008
LABELS
[1 6 3 2]
pred
[[ -8722.035   85302.4     76666.29    -3469.338   24910.227    3259.3643
   -5923.147   14450.652   22268.053    1745.2064]
 [ 26973.56    62198.363  123350.766  -82874.195   21363.021   61044.566
  206762.55   -39829.574  103552.984  -87165.42  ]
 [ -7038.874   40380.582   96384.05    11829.252   34165.867    2725.6067
   45770.062  -73409.45   -83833.96     7961.7485]
 [ -7457.627   87149.      52728.66   -19404.715  -17141.87   -90930.61
  -10127.91   -17065.29    30745.15   127837.9   ]]
LIKELIHOOD_LOSS
168644.6
LABELS
[9 7 0 4]
pred
[[-117960.57     84211.75    253412.8     -36404.152   -37493.73
    54317.35    120895.19      2870.541    68554.1    -112240.23  ]
 [ -86467.15     -4038.454    78114.11     25102.922    30863.717
     3362.3386    1770.143    29040.203    24853.58     47691.543 ]
 [ 115096.234     5711.4     109909.35    -80927.42    -90286.09
   -36686.293   -47772.773   -59587.992    67231.31    -58718.254 ]
 [ -39014.465    44409.516   202957.3     -58365.742   -56894.16
   -77936.94    108838.24    -84287.914    87651.4      28438.588 ]]
